0 0.640625 9.102773536034179e-17 0.3193359375 6.068515690689452e-17 0.3193359375 0.24400051560258257 0.640625 0.24400051560258257
0 0.8110708306880293 0.9913192796353042 0.8091346886482828 0.6174746139823796 0.0957435462482 0.6262633235280555 0.09767968828794649 1.00010798918098
0 0.6133168765211215 0.9985504139380923 0.6130117631925576 0.8699375001228253 0.3473617343527056 0.8714366251062354 0.34766684768126954 1.0000495389215023
0 0.1146441954101516 0.9460179138925329 0.09773802858110357 0.0008067394026245969 -0.012940137707333288 0.005515749594484073 0.003966029121714744 0.9507269240843924
0 0.2597911084575955 0.000023862993828612138 0.06842078156693712 -0.0015214516411249206 0.06767351664862126 0.21861078559446823 0.2590438435392797 0.22015610022942178
0 0.900390625 1.622267340413791e-16 0.79296875 1.5208179899615361e-16 0.79296875 0.596445704806313 0.900390625 0.596445704806313
0 0.8908882831986771 0.827924754026428 0.8095746546605576 -0.023085116280546544 0.6458603747559918 0.014125484226343354 0.7271740032941113 0.8651353545333178
0 0.6953125 0.2409881635581063 0.5390625 0.24098816355810626 0.5390625 0.6009642328730275 0.6953125 0.6009642328730275
0 0.4200110495775143 0.23941477531770353 0.2742489483048921 0.23737102601722002 0.2721312740166102 0.5966464701913115 0.4178933752892323 0.598690219491795
0 0.26953125 0.21688934720229558 0.201171875 0.21688934720229555 0.20117187500000003 0.6747668579626973 0.26953125000000006 0.6747668579626973
0 0.31457705425126903 0.3957878890517919 0.2960768956218273 -0.003677516074601808 0.24791303140862944 0.0016285050392727306 0.2664131900380711 0.4010939101656664
0 0.8985931587955812 0.9984516610105876 0.8983200544326514 0.8824284237516904 0.6054260718491139 0.8840684299178125 0.6056991762120437 1.0000916671767097